26 55 71 72 80 85
19 35 42 70 82 86
5 8 16 25 30 59 69
14 27 28 34 49 51
3 16 29 30 44
11 12 83 84
13 15 33 43 73
3 16 59 71 72
28 50 51
20 47 48 58 65 78
6 12 17 33 66 83
6 11 17 56 84 88
7 15 43 44 74 77
4 21 28 49 76
7 13 17 31 33 44
3 5 8 29 72
11 12 15 31 33 56 62
20 22 65
2 35 40 70 80
10 18 36 58 65 68
14 49 63 76 78
18 48 65
24 32 69 79
23 62 67 79
3 32 59 69
1 40 55 80 87
4 34 43 46 49 75
4 9 14 51 76
5 16 44 72 74 85
3 5 31 44 69 79
15 17 30 44 62 79
23 25 69
7 11 15 17 66 73
4 27 37 43 51 73
2 19 74 77 80 86
20 53 58 64 68
34 50 51 66 73
42 57 68 81
41 45 57 60
19 26 45 60 70 80 87
39 45 54
2 38 64 68 70 81 82
7 13 27 34 46 73 77
5 13 15 29 30 31 74
39 40 41 54 60 61 87
27 43 64 75 77 82 86
10 48 63 78
10 22 47 65
4 14 21 27 75 78
9 37 51 66
4 9 28 34 37 50
55 61 87
36 58 64 75 78
41 45 61
1 26 52 71 87
12 17 62 67 88
38 39 60 81
10 20 36 53 65 78
3 8 25
39 40 45 57 70 81 87
45 52 54 87
17 24 31 56 67 79
21 47 76 78
36 42 46 53 68 75 82
10 18 20 22 48 58
11 33 37 50 73 83
24 56 62 88
20 36 38 42 64
3 23 25 30 32 79
2 19 40 42 60 81
1 8 55 72
1 8 16 29 71 85
7 33 34 37 43 66
13 29 35 44 77 80 85
27 46 49 53 64 78
14 21 28 63
13 35 43 46 74 86
10 21 47 49 53 58 63 75
23 24 30 31 62 69
1 19 26 35 40 74 85
38 42 57 60 70
2 42 46 64 86
6 11 66
6 12 88
1 29 72 74 80
2 35 46 77 82
26 40 45 52 55 60 61
12 56 67 84
26 55 71 72 80 85
19 35 42 70 82 86
5 8 16 25 30 59 69
14 27 28 34 49 51
3 16 29 30 44
11 12 83 84
13 15 33 43 73
3 16 59 71 72
28 50 51
20 47 48 58 65 78
6 12 17 33 66 83
6 11 17 56 84 88
7 15 43 44 74 77
4 21 28 49 76
7 13 17 31 33 44
3 5 8 29 72
11 12 15 31 33 56 62
20 22 65
2 35 40 70 80
10 18 36 58 65 68
14 49 63 76 78
18 48 65
24 32 69 79
23 62 67 79
3 32 59 69
1 40 55 80 87
4 34 43 46 49 75
4 9 14 51 76
5 16 44 72 74 85
3 5 31 44 69 79
15 17 30 44 62 79
23 25 69
7 11 15 17 66 73
4 27 37 43 51 73
2 19 74 77 80 86
20 53 58 64 68
34 50 51 66 73
42 57 68 81
41 45 57 60
19 26 45 60 70 80 87
39 45 54
2 38 64 68 70 81 82
7 13 27 34 46 73 77
5 13 15 29 30 31 74
39 40 41 54 60 61 87
27 43 64 75 77 82 86
10 48 63 78
10 22 47 65
4 14 21 27 75 78
9 37 51 66
4 9 28 34 37 50
55 61 87
36 58 64 75 78
41 45 61
1 26 52 71 87
12 17 62 67 88
38 39 60 81
10 20 36 53 65 78
3 8 25
39 40 45 57 70 81 87
45 52 54 87
17 24 31 56 67 79
21 47 76 78
36 42 46 53 68 75 82
10 18 20 22 48 58
11 33 37 50 73 83
24 56 62 88
20 36 38 42 64
3 23 25 30 32 79
2 19 40 42 60 81
1 8 55 72
1 8 16 29 71 85
7 33 34 37 43 66
13 29 35 44 77 80 85
27 46 49 53 64 78
14 21 28 63
13 35 43 46 74 86
10 21 47 49 53 58 63 75
23 24 30 31 62 69
1 19 26 35 40 74 85
38 42 57 60 70
2 42 46 64 86
6 11 66
6 12 88
1 29 72 74 80
2 35 46 77 82
26 40 45 52 55 60 61
12 56 67 84
26 55 71 72 80 85
19 35 42 70 82 86
5 8 16 25 30 59 69
14 27 28 34 49 51
3 16 29 30 44
11 12 83 84
13 15 33 43 73
3 16 59 71 72
28 50 51
20 47 48 58 65 78
6 12 17 33 66 83
6 11 17 56 84 88
7 15 43 44 74 77
4 21 28 49 76
7 13 17 31 33 44
3 5 8 29 72
11 12 15 31 33 56 62
20 22 65
2 35 40 70 80
10 18 36 58 65 68
14 49 63 76 78
18 48 65
24 32 69 79
23 62 67 79
3 32 59 69
1 40 55 80 87
4 34 43 46 49 75
4 9 14 51 76
5 16 44 72 74 85
3 5 31 44 69 79
15 17 30 44 62 79
23 25 69
7 11 15 17 66 73
4 27 37 43 51 73
2 19 74 77 80 86
20 53 58 64 68
34 50 51 66 73
42 57 68 81
41 45 57 60
19 26 45 60 70 80 87
39 45 54
2 38 64 68 70 81 82
7 13 27 34 46 73 77
5 13 15 29 30 31 74
39 40 41 54 60 61 87
27 43 64 75 77 82 86
10 48 63 78
10 22 47 65
4 14 21 27 75 78
9 37 51 66
4 9 28 34 37 50
55 61 87
36 58 64 75 78
41 45 61
1 26 52 71 87
12 17 62 67 88
38 39 60 81
10 20 36 53 65 78
3 8 25
39 40 45 57 70 81 87
45 52 54 87
17 24 31 56 67 79
21 47 76 78
36 42 46 53 68 75 82
10 18 20 22 48 58
11 33 37 50 73 83
24 56 62 88
20 36 38 42 64
3 23 25 30 32 79
2 19 40 42 60 81
1 8 55 72
1 8 16 29 71 85
7 33 34 37 43 66
13 29 35 44 77 80 85
27 46 49 53 64 78
14 21 28 63
13 35 43 46 74 86
10 21 47 49 53 58 63 75
23 24 30 31 62 69
1 19 26 35 40 74 85
38 42 57 60 70
2 42 46 64 86
6 11 66
6 12 88
1 29 72 74 80
2 35 46 77 82
26 40 45 52 55 60 61
12 56 67 84
